Ejemplo de características normalizadas:
 [-0.80445902 -0.79348786  0.56698006 -0.78639684  0.80445902 -0.79348786
   0.5679899  -0.76676957 -0.60058108 -0.75126113 -0.51259665 -0.51738278
   1.26953247 -1.30788046 -0.80445902]

 [-0.800438   -0.78615365  0.77686664 -0.78342816  0.800438   -0.78615365
   0.76991768 -0.77096642 -0.80121326 -0.78431012 -0.76655542 -0.59653047
   0.63192433 -0.57938731 -0.800438  ]
   
 [ 1.64633756  1.65720354 -1.71404855  1.66116733 -1.64633756  1.65720354
  -1.7152845   1.67312438  1.70460181  1.67373121  1.71928027  1.73085293
  -0.64973839  0.64963627  1.64633756]
  
 [-0.04144054 -0.07756204  0.37020185 -0.09134232  0.04144054 -0.07756204
   0.37737691 -0.13538839 -0.30280746 -0.13815997 -0.4401282  -0.61693969
  -1.25171841  1.23763151 -0.04144054]